version https://git-lfs.github.com/spec/v1
oid sha256:2476a522f832a3c4996d167cb3df3f915d3d8728b05938e8739f3ecfeebce457
size 1816004
